image_width: 640
image_height: 480
camera_name: narrow_stereo
camera_matrix:
  rows: 3
  cols: 3
  data: [ 792.64042,    0.     ,  360.53275,
            0.     ,  786.36433,  120.27065,
            0.     ,    0.     ,    1.     ]
distortion_model: plumb_bob
distortion_coefficients:
  rows: 1
  cols: 5
  data: [-0.471383, 0.456895, 0.018502, -0.005252, 0.000000]
rectification_matrix:
  rows: 3
  cols: 3
  data: [ 1.,  0.,  0.,
          0.,  1.,  0.,
          0.,  0.,  1.]
projection_matrix:
  rows: 3
  cols: 4
  data: [ 735.82245,    0.     ,  363.19763,    0.     ,
            0.     ,  747.28674,  116.73142,    0.     ,
            0.     ,    0.     ,    1.     ,    0.     ]
